81
0.0014694853027200545
0.0016151798888432323
0.0017751450602684555
0.001950707477762667
0.0021433414557721813
0.0023546427721419377
0.0025863151790418
0.002840238873856555
0.0031183918198088505
0.003422933517562147
0.003756138104879943
0.004120453041363161
0.004518416275055669
0.004952721929108102
0.0054261529910524485
0.005941558646691339
0.0065017710382143405
0.0071095857494045175
0.007767694499903085
0.00847848806923435
0.009243967744320944
0.010065524163277863
0.010943704042534117
0.01187795031619421
0.012866192862202296
0.013904462586424906
0.014990611600957259
0.016199434126022177
0.017566237377632986
0.019092158811642883
0.020767403504453344
0.022564688078413775
0.02443051478353925
0.02627508336839304
0.027963243191120837
0.029310801464729242
0.030094075740809252
0.030252673395667607
0.030335856670543233
0.030405616804893062
0.030461122781052986
0.03050155142845374
0.03052610751142872
0.030533323690625
0.030112506326650502
0.029022907576223677
0.027460870165852583
0.025626872394968032
0.023691834724582413
0.02178202851449317
0.01997962775168629
0.018330491655800297
0.016854418937758384
0.015554388166565635
0.014419693897181228
0.013361456583213785
0.012350438637419359
0.011391364449568729
0.010487112038354212
0.009638897079835007
0.008846717771961648
0.008109610973578266
0.007425939766864097
0.006793538527797458
0.006209935710511853
0.005672416960470126
0.005178219244637507
0.004724508146400018
0.004308498576507312
0.003927488485704981
0.003578862148993914
0.0032601224152481057
0.0029689397520329184
0.0027030826165379716
0.0024604842707871446
0.002239232015422441
0.0020375079208463983
0.0018536752961462186
0.0016862006423383387
0.0015336660369104243
0.00139477608213184
